"R","R值对应人数","占比","累计占比"
"0","1759","0.263","0.263"
"1","1277","0.1909","0.4539"
"2","811","0.1212","0.5751"
"3","744","0.1112","0.6864"
"4","607","0.0907","0.7771"
"5","493","0.0737","0.8508"
"6","398","0.0595","0.9103"
"7","328","0.049","0.9593"
"8","272","0.0407","1"
